# F2 || WCmax -- computational study (paper Section 6)
# generated     : 2026-09-27 03:57:52
# scales        : small, medium, large
# methods       : small: MILP, DP; medium: NEH, ACO, GA; large: NEH, ACO, GA
# instances/cfg : 20
# metaheuristics: ACO m=10, max_iter=100; GA G=10, N_factor=1
# gap against   : the baseline of each configuration (MILP on the small scale, the reference value W_max*sum(a+b) elsewhere)
# seed          : 42 (+1000*n, + weight setting)
# time limit    : 600.0 s
# records       : E:\Study\5.python\WorkSpace\my-test\论文\F2\代码\记录\实例记录_small-medium-large_2026-09-26_21-57-43.txt

# ====================================================================================
# scale small  --  configurations: n=30/K=2, n=40/K=2, n=50/K=2, n=60/K=2
# ====================================================================================
# per-configuration results
# algo      n weights    paired  unpaired   mean_gap    min_gap   max_gap   time(s)   best
  MILP     30 K=2            20         0      0.000      0.000     0.000    3.4528     20
  DP       30 K=2            20         0      0.000      0.000     0.000    0.0566     20
  MILP     40 K=2            20         0      0.000      0.000     0.000   44.4843     20
  DP       40 K=2            20         0      0.000      0.000     0.000    0.1576     20
  MILP     50 K=2            20         0      0.000      0.000     0.000  129.3124     20
  DP       50 K=2            20         0      0.000      0.000     0.000    0.5007     20
  MILP     60 K=2            20         0      0.000      0.000     0.000  307.3454     20
  DP       60 K=2            20         0      0.000      0.000     0.000    1.4926     20
#
# the column 'best' counts the instances on which the method attained the
# best value found on that instance by any method run there
#
# per-instance baseline, objective values and CPU times, in instance order
  -        30 K=2     best  : 175.0 188.0 220.0 206.0 178.0 176.0 206.0 184.0 177.0 188.0 184.0 177.0 230.0 198.0 186.0 150.0 166.0 184.0 148.0 193.0
  MILP     30 K=2     base  : 678.0 676.0 646.0 676.0 694.0 696.0 634.0 686.0 658.0 708.0 682.0 682.0 710.0 756.0 672.0 556.0 652.0 634.0 580.0 666.0
  MILP     30 K=2     objs  : 175.0 188.0 220.0 206.0 178.0 176.0 206.0 184.0 177.0 188.0 184.0 177.0 230.0 198.0 186.0 150.0 166.0 184.0 148.0 193.0
  MILP     30 K=2     times : 0.8244 7.4910 9.2554 2.5477 1.6269 0.6623 3.4772 19.4813 2.2322 4.0366 2.0301 0.8751 5.1615 0.6951 2.6210 0.7665 0.7853 3.2678 0.8034 0.4143
  DP       30 K=2     base  : 678.0 676.0 646.0 676.0 694.0 696.0 634.0 686.0 658.0 708.0 682.0 682.0 710.0 756.0 672.0 556.0 652.0 634.0 580.0 666.0
  DP       30 K=2     objs  : 175.0 188.0 220.0 206.0 178.0 176.0 206.0 184.0 177.0 188.0 184.0 177.0 230.0 198.0 186.0 150.0 166.0 184.0 148.0 193.0
  DP       30 K=2     times : 0.0795 0.0588 0.0076 0.0633 0.0642 0.1952 0.0172 0.0315 0.0889 0.0643 0.0167 0.0697 0.0160 0.1006 0.0170 0.0412 0.0899 0.0238 0.0388 0.0485
  -        40 K=2     best  : 244.0 226.0 244.0 228.0 210.0 220.0 244.0 296.0 292.0 228.0 308.0 308.0 243.0 310.0 250.0 224.0 238.0 240.0 278.0 292.0
  MILP     40 K=2     base  : 914.0 850.0 926.0 902.0 826.0 860.0 796.0 976.0 866.0 866.0 898.0 866.0 928.0 938.0 968.0 828.0 794.0 894.0 922.0 858.0
  MILP     40 K=2     objs  : 244.0 226.0 244.0 228.0 210.0 220.0 244.0 296.0 292.0 228.0 308.0 308.0 243.0 310.0 250.0 224.0 238.0 240.0 278.0 292.0
  MILP     40 K=2     times : 14.6893 36.1825 333.3774 3.7954 3.0860 2.0629 120.5531 17.4348 24.0201 43.8218 19.6123 65.2484 4.2782 8.7817 4.1750 7.9224 16.8610 95.0928 47.2456 21.4464
  DP       40 K=2     base  : 914.0 850.0 926.0 902.0 826.0 860.0 796.0 976.0 866.0 866.0 898.0 866.0 928.0 938.0 968.0 828.0 794.0 894.0 922.0 858.0
  DP       40 K=2     objs  : 244.0 226.0 244.0 228.0 210.0 220.0 244.0 296.0 292.0 228.0 308.0 308.0 243.0 310.0 250.0 224.0 238.0 240.0 278.0 292.0
  DP       40 K=2     times : 0.1874 0.0958 0.1648 0.1823 0.2880 0.5130 0.0517 0.0989 0.0665 0.2293 0.0391 0.0353 0.2368 0.0796 0.2624 0.1077 0.0790 0.1968 0.1437 0.0932
  -        50 K=2     best  : 300.0 346.0 358.0 328.0 300.0 358.0 278.0 350.0 304.0 310.0 317.0 314.0 360.0 332.0 282.0 308.0 299.0 281.0 287.0 285.0
  MILP     50 K=2     base  : 1182.0 1162.0 1136.0 1214.0 1154.0 1046.0 1024.0 1034.0 1084.0 1160.0 1148.0 1150.0 1096.0 1056.0 1070.0 1200.0 1106.0 1072.0 1120.0 1088.0
  MILP     50 K=2     objs  : 300.0 346.0 358.0 328.0 300.0 358.0 278.0 350.0 304.0 310.0 317.0 314.0 360.0 332.0 282.0 308.0 299.0 281.0 287.0 285.0
  MILP     50 K=2     times : 8.2208 31.8610 103.1797 54.2978 7.5878 17.3728 148.0814 80.3938 2.7539 358.0649 4.1284 600.0791 535.9659 600.0547 4.6411 2.2838 3.7773 9.4372 9.6392 4.4271
  DP       50 K=2     base  : 1182.0 1162.0 1136.0 1214.0 1154.0 1046.0 1024.0 1034.0 1084.0 1160.0 1148.0 1150.0 1096.0 1056.0 1070.0 1200.0 1106.0 1072.0 1120.0 1088.0
  DP       50 K=2     objs  : 300.0 346.0 358.0 328.0 300.0 358.0 278.0 350.0 304.0 310.0 317.0 314.0 360.0 332.0 282.0 308.0 299.0 281.0 287.0 285.0
  DP       50 K=2     times : 0.9544 0.3899 0.1326 0.5212 0.4023 0.1519 0.4507 0.1441 0.8437 0.4552 0.8550 0.3762 0.1937 0.1926 0.4827 1.4385 0.5902 0.4364 0.5140 0.4883
  -        60 K=2     best  : 357.0 345.0 335.0 355.0 363.0 382.0 333.0 394.0 352.0 388.0 356.0 358.0 454.0 378.0 406.0 384.0 370.0 416.0 310.0 320.0
  MILP     60 K=2     base  : 1308.0 1302.0 1324.0 1390.0 1418.0 1332.0 1296.0 1330.0 1402.0 1436.0 1306.0 1372.0 1314.0 1256.0 1366.0 1374.0 1374.0 1370.0 1200.0 1250.0
  MILP     60 K=2     objs  : 357.0 345.0 335.0 355.0 363.0 382.0 333.0 394.0 352.0 388.0 356.0 358.0 454.0 378.0 406.0 384.0 370.0 416.0 310.0 320.0
  MILP     60 K=2     times : 8.6942 45.3243 6.0623 22.0703 55.1414 600.1049 18.9290 562.8482 37.4222 457.3261 600.1104 600.1360 283.1033 600.1088 600.1069 600.2263 600.1060 320.9993 12.4239 115.6640
  DP       60 K=2     base  : 1308.0 1302.0 1324.0 1390.0 1418.0 1332.0 1296.0 1330.0 1402.0 1436.0 1306.0 1372.0 1314.0 1256.0 1366.0 1374.0 1374.0 1370.0 1200.0 1250.0
  DP       60 K=2     objs  : 357.0 345.0 335.0 355.0 363.0 382.0 333.0 394.0 352.0 388.0 356.0 358.0 454.0 378.0 406.0 384.0 370.0 416.0 310.0 320.0
  DP       60 K=2     times : 2.6579 0.8973 3.0769 3.2573 2.0715 0.6195 2.1641 0.8564 1.8437 0.9777 1.1832 1.3334 0.2636 0.6506 1.2792 0.8642 1.3526 0.4218 2.5319 1.5497
#
# summary, averaged over the configurations of the scale
# method   configurations    mean_gap  mean_time(s)
  MILP                  4       0.000      121.1487
  DP                    4       0.000        0.5519

# ====================================================================================
# scale medium  --  configurations: n=200/K=3, n=200/K=9, n=250/K=3, n=250/K=9, n=300/K=3, n=300/K=9
# ====================================================================================
# per-configuration results
# algo      n weights    paired  unpaired   mean_gap    min_gap   max_gap   time(s)   best
  NEH     200 K=3            20         0    -76.404    -79.072   -73.981    0.3011      8
  ACO     200 K=3            20         0    -73.941    -77.554   -70.951    6.2422      0
  GA      200 K=3            20         0    -76.619    -79.539   -74.175    1.3144     20
  NEH     200 K=9            20         0    -79.587    -80.271   -78.757    0.3004     13
  ACO     200 K=9            20         0    -73.152    -77.626   -68.729    5.9814      0
  GA      200 K=9            20         0    -79.639    -80.271   -78.757    1.2520     20
  NEH     250 K=3            20         0    -76.901    -79.506   -75.459    0.5907      8
  ACO     250 K=3            20         0    -73.844    -75.994   -70.522   10.2366      0
  GA      250 K=3            20         0    -77.169    -80.198   -75.746    2.5606     20
  NEH     250 K=9            20         0    -79.688    -80.317   -78.943    0.6083     15
  ACO     250 K=9            20         0    -72.480    -76.031   -66.543   10.2370      0
  GA      250 K=9            20         0    -79.696    -80.317   -78.943    2.4132     20
  NEH     300 K=3            20         0    -76.829    -78.159   -74.465    1.0718      4
  ACO     300 K=3            20         0    -74.709    -76.346   -72.702   14.3498      0
  GA      300 K=3            20         0    -77.048    -78.444   -74.602    4.3374     20
  NEH     300 K=9            20         0    -79.760    -80.330   -79.386    0.9819     14
  ACO     300 K=9            20         0    -71.606    -76.136   -65.100   12.7775      0
  GA      300 K=9            20         0    -79.768    -80.337   -79.386    4.0525     20
#
# the column 'best' counts the instances on which the method attained the
# best value found on that instance by any method run there
#
# per-instance baseline, objective values and CPU times, in instance order
  -       200 K=3     best  : 1584.0 1518.0 1628.0 1604.0 1730.0 1568.0 1402.0 1568.0 1572.0 1522.0 1470.0 1590.0 1712.0 1410.0 1568.0 1408.0 1510.0 1508.0 1592.0 1527.0
  NEH     200 K=3     base  : 6663.0 6789.0 6882.0 6912.0 6699.0 6471.0 6852.0 6327.0 6672.0 6561.0 6603.0 6300.0 7185.0 6423.0 6552.0 6186.0 6699.0 6504.0 6543.0 6777.0
  NEH     200 K=3     objs  : 1584.0 1530.0 1648.0 1676.0 1743.0 1593.0 1434.0 1568.0 1572.0 1522.0 1470.0 1590.0 1712.0 1422.0 1569.0 1418.0 1510.0 1548.0 1640.0 1530.0
  NEH     200 K=3     times : 0.3058 0.2977 0.2897 0.3039 0.3018 0.2993 0.2951 0.2974 0.2917 0.2938 0.2922 0.3014 0.3003 0.2962 0.3020 0.3404 0.3047 0.3073 0.3000 0.3013
  ACO     200 K=3     base  : 6663.0 6789.0 6882.0 6912.0 6699.0 6471.0 6852.0 6327.0 6672.0 6561.0 6603.0 6300.0 7185.0 6423.0 6552.0 6186.0 6699.0 6504.0 6543.0 6777.0
  ACO     200 K=3     objs  : 1736.0 1660.0 1760.0 1791.0 1946.0 1762.0 1538.0 1701.0 1728.0 1640.0 1680.0 1762.0 1875.0 1707.0 1764.0 1552.0 1782.0 1749.0 1738.0 1662.0
  ACO     200 K=3     times : 6.1215 6.4539 6.3098 6.2904 6.3703 6.2948 6.3638 6.1409 6.2400 6.1515 6.1679 5.8470 6.2708 6.2605 6.4256 6.2869 6.0733 6.4071 6.1578 6.2096
  GA      200 K=3     base  : 6663.0 6789.0 6882.0 6912.0 6699.0 6471.0 6852.0 6327.0 6672.0 6561.0 6603.0 6300.0 7185.0 6423.0 6552.0 6186.0 6699.0 6504.0 6543.0 6777.0
  GA      200 K=3     objs  : 1584.0 1518.0 1628.0 1604.0 1730.0 1568.0 1402.0 1568.0 1572.0 1522.0 1470.0 1590.0 1712.0 1410.0 1568.0 1408.0 1510.0 1508.0 1592.0 1527.0
  GA      200 K=3     times : 1.3934 1.2265 1.3078 1.3689 1.4080 1.4621 1.4032 1.3522 1.3897 1.2747 1.3159 1.3374 1.2894 1.2926 1.2312 1.1443 1.2157 1.2591 1.3545 1.2622
  -       200 K=9     best  : 3984.0 3900.0 3954.0 4062.0 4315.0 3830.0 3978.0 4020.0 3936.0 4170.0 3960.0 4122.0 4086.0 4085.0 3984.0 3962.0 3950.0 4002.0 4040.0 4020.0
  NEH     200 K=9     base  : 19494.0 19503.0 19863.0 19674.0 20313.0 19413.0 19710.0 20025.0 19089.0 20961.0 19233.0 19890.0 19917.0 19890.0 19800.0 19476.0 19962.0 19854.0 19593.0 19053.0
  NEH     200 K=9     objs  : 3984.0 3900.0 3970.0 4085.0 4315.0 3830.0 3978.0 4020.0 3960.0 4170.0 4000.0 4122.0 4086.0 4145.0 3990.0 3995.0 3950.0 4002.0 4040.0 4020.0
  NEH     200 K=9     times : 0.3002 0.3227 0.3050 0.2978 0.2947 0.3099 0.2914 0.2934 0.2950 0.3080 0.2987 0.2924 0.3102 0.2951 0.2981 0.2984 0.2975 0.2945 0.3165 0.2885
  ACO     200 K=9     base  : 19494.0 19503.0 19863.0 19674.0 20313.0 19413.0 19710.0 20025.0 19089.0 20961.0 19233.0 19890.0 19917.0 19890.0 19800.0 19476.0 19962.0 19854.0 19593.0 19053.0
  ACO     200 K=9     objs  : 5652.0 5211.0 5337.0 5056.0 5280.0 4887.0 4410.0 5670.0 5584.0 5175.0 5580.0 5571.0 4923.0 5355.0 5859.0 4878.0 4950.0 5508.0 5049.0 5958.0
  ACO     200 K=9     times : 5.8800 5.8039 6.2912 5.8097 6.0767 6.2194 6.1572 6.1260 6.0915 5.9732 5.9916 5.8186 5.8728 6.1150 5.8679 5.7876 5.7964 5.7112 6.0432 6.1949
  GA      200 K=9     base  : 19494.0 19503.0 19863.0 19674.0 20313.0 19413.0 19710.0 20025.0 19089.0 20961.0 19233.0 19890.0 19917.0 19890.0 19800.0 19476.0 19962.0 19854.0 19593.0 19053.0
  GA      200 K=9     objs  : 3984.0 3900.0 3954.0 4062.0 4315.0 3830.0 3978.0 4020.0 3936.0 4170.0 3960.0 4122.0 4086.0 4085.0 3984.0 3962.0 3950.0 4002.0 4040.0 4020.0
  GA      200 K=9     times : 1.2242 1.2232 1.2445 1.1298 1.3958 1.3792 1.3267 1.2367 1.2545 1.2667 1.2609 1.1877 1.2846 1.2637 1.2147 1.2258 1.1614 1.1971 1.3196 1.2437
  -       250 K=3     best  : 1920.0 1788.0 2032.0 1854.0 1788.0 1804.0 1852.0 1658.0 1884.0 1910.0 1984.0 2004.0 1796.0 1830.0 1944.0 1924.0 1740.0 1920.0 1876.0 1808.0
  NEH     250 K=3     base  : 8412.0 8172.0 8550.0 8184.0 7938.0 7995.0 7956.0 8373.0 8076.0 7875.0 8280.0 8325.0 8223.0 8157.0 8490.0 8238.0 7947.0 8208.0 8133.0 7923.0
  NEH     250 K=3     objs  : 1940.0 1800.0 2032.0 1872.0 1864.0 1804.0 1852.0 1716.0 1886.0 1910.0 1998.0 2043.0 1796.0 1830.0 2060.0 1966.0 1766.0 1920.0 1876.0 1828.0
  NEH     250 K=3     times : 0.5805 0.5869 0.5865 0.5967 0.5814 0.5906 0.5746 0.6123 0.5809 0.5820 0.5897 0.5929 0.6032 0.5969 0.5968 0.5975 0.5979 0.5906 0.5862 0.5902
  ACO     250 K=3     base  : 8412.0 8172.0 8550.0 8184.0 7938.0 7995.0 7956.0 8373.0 8076.0 7875.0 8280.0 8325.0 8223.0 8157.0 8490.0 8238.0 7947.0 8208.0 8133.0 7923.0
  ACO     250 K=3     objs  : 2072.0 2008.0 2168.0 2214.0 2340.0 1950.0 2088.0 2037.0 2184.0 2133.0 2136.0 2244.0 1974.0 2190.0 2229.0 2274.0 2034.0 2238.0 2052.0 2169.0
  ACO     250 K=3     times : 10.0956 10.1117 10.2175 10.2461 10.0209 9.7122 10.2216 10.5294 10.5528 10.3238 9.6748 11.1241 9.9694 10.3056 9.8876 9.7741 10.3331 10.4759 10.6587 10.4963
  GA      250 K=3     base  : 8412.0 8172.0 8550.0 8184.0 7938.0 7995.0 7956.0 8373.0 8076.0 7875.0 8280.0 8325.0 8223.0 8157.0 8490.0 8238.0 7947.0 8208.0 8133.0 7923.0
  GA      250 K=3     objs  : 1920.0 1788.0 2032.0 1854.0 1788.0 1804.0 1852.0 1658.0 1884.0 1910.0 1984.0 2004.0 1796.0 1830.0 1944.0 1924.0 1740.0 1920.0 1876.0 1808.0
  GA      250 K=3     times : 2.5641 2.6512 2.6152 2.5660 2.5795 2.7920 2.3772 2.6240 2.6084 2.5757 2.7294 2.4361 2.4483 2.5702 2.5171 2.2984 2.4722 2.6193 2.6154 2.5532
  -       250 K=9     best  : 4908.0 4975.0 4914.0 5292.0 5050.0 4914.0 5094.0 4980.0 4902.0 5070.0 5150.0 4908.0 5065.0 4950.0 4980.0 5058.0 5085.0 5060.0 4974.0 5148.0
  NEH     250 K=9     base  : 24156.0 24381.0 24948.0 25956.0 24975.0 24264.0 24192.0 24777.0 23814.0 25758.0 25317.0 24795.0 25317.0 24444.0 24696.0 24858.0 24822.0 24129.0 24399.0 24966.0
  NEH     250 K=9     objs  : 4908.0 4975.0 4914.0 5298.0 5050.0 4914.0 5094.0 4995.0 4902.0 5070.0 5160.0 4915.0 5065.0 4950.0 4980.0 5058.0 5090.0 5060.0 4974.0 5148.0
  NEH     250 K=9     times : 0.6025 0.6103 0.6018 0.6178 0.5863 0.6229 0.6251 0.6295 0.6114 0.5945 0.6034 0.6190 0.6114 0.5906 0.5988 0.5921 0.6303 0.6279 0.6092 0.5821
  ACO     250 K=9     base  : 24156.0 24381.0 24948.0 25956.0 24975.0 24264.0 24192.0 24777.0 23814.0 25758.0 25317.0 24795.0 25317.0 24444.0 24696.0 24858.0 24822.0 24129.0 24399.0 24966.0
  ACO     250 K=9     objs  : 5985.0 6138.0 6795.0 6824.0 7272.0 8118.0 6920.0 6472.0 7227.0 6174.0 6345.0 6642.0 6552.0 7407.0 6687.0 6435.0 6831.0 7200.0 6984.0 7072.0
  ACO     250 K=9     times : 10.4255 9.8739 9.9331 10.0576 10.5752 10.1909 10.2638 10.0842 11.0104 10.5184 10.2744 10.3011 10.1520 10.5215 9.9674 9.9355 10.1579 10.1439 10.1307 10.2220
  GA      250 K=9     base  : 24156.0 24381.0 24948.0 25956.0 24975.0 24264.0 24192.0 24777.0 23814.0 25758.0 25317.0 24795.0 25317.0 24444.0 24696.0 24858.0 24822.0 24129.0 24399.0 24966.0
  GA      250 K=9     objs  : 4908.0 4975.0 4914.0 5292.0 5050.0 4914.0 5094.0 4980.0 4902.0 5070.0 5150.0 4908.0 5065.0 4950.0 4980.0 5058.0 5085.0 5060.0 4974.0 5148.0
  GA      250 K=9     times : 2.4794 2.6131 2.5249 2.4175 2.4813 2.3350 2.3237 2.4576 2.2923 2.6102 2.3915 2.3718 2.4373 2.2894 2.4653 2.3108 2.2601 2.5381 2.4012 2.2632
  -       300 K=3     best  : 2124.0 2284.0 2310.0 2456.0 2272.0 2184.0 2310.0 2338.0 2235.0 2586.0 2296.0 2092.0 2268.0 2320.0 2166.0 2254.0 2176.0 2166.0 2184.0 2422.0
  NEH     300 K=3     base  : 9618.0 10071.0 9921.0 10116.0 9963.0 9885.0 9792.0 9759.0 10233.0 10182.0 9642.0 9705.0 9840.0 9924.0 9801.0 9903.0 9837.0 9825.0 9879.0 10053.0
  NEH     300 K=3     objs  : 2124.0 2352.0 2344.0 2472.0 2292.0 2187.0 2346.0 2368.0 2235.0 2600.0 2334.0 2142.0 2306.0 2320.0 2166.0 2258.0 2182.0 2200.0 2210.0 2438.0
  NEH     300 K=3     times : 1.0805 1.1067 1.0574 1.0621 1.0266 1.0345 1.0657 1.0530 1.0640 1.0727 1.0757 1.0686 1.0488 1.0959 1.1609 1.0899 1.0972 1.0933 1.0411 1.0405
  ACO     300 K=3     base  : 9618.0 10071.0 9921.0 10116.0 9963.0 9885.0 9792.0 9759.0 10233.0 10182.0 9642.0 9705.0 9840.0 9924.0 9801.0 9903.0 9837.0 9825.0 9879.0 10053.0
  ACO     300 K=3     objs  : 2340.0 2568.0 2508.0 2757.0 2500.0 2380.0 2529.0 2664.0 2493.0 2712.0 2472.0 2406.0 2562.0 2544.0 2404.0 2426.0 2440.0 2324.0 2409.0 2634.0
  ACO     300 K=3     times : 14.0208 14.6253 14.6304 14.3248 13.3943 13.7319 14.2016 14.2385 14.7035 13.9025 14.1393 14.3313 14.3817 14.4957 14.7371 14.5949 14.6620 14.5117 14.7479 14.6200
  GA      300 K=3     base  : 9618.0 10071.0 9921.0 10116.0 9963.0 9885.0 9792.0 9759.0 10233.0 10182.0 9642.0 9705.0 9840.0 9924.0 9801.0 9903.0 9837.0 9825.0 9879.0 10053.0
  GA      300 K=3     objs  : 2124.0 2284.0 2310.0 2456.0 2272.0 2184.0 2310.0 2338.0 2235.0 2586.0 2296.0 2092.0 2268.0 2320.0 2166.0 2254.0 2176.0 2166.0 2184.0 2422.0
  GA      300 K=3     times : 4.2356 4.1054 4.7387 4.8686 4.4778 4.2685 4.3128 4.3636 3.8786 4.2507 4.3993 4.3626 4.1465 4.3070 4.5731 4.3320 4.1408 4.3918 4.5654 4.0303
  -       300 K=9     best  : 6000.0 6090.0 6276.0 6036.0 6096.0 5826.0 6084.0 5844.0 5995.0 5976.0 5922.0 6160.0 5868.0 5964.0 5802.0 5955.0 6252.0 5904.0 5860.0 6054.0
  NEH     300 K=9     base  : 30042.0 29736.0 30753.0 30141.0 29655.0 28719.0 30942.0 29430.0 29403.0 29790.0 28728.0 30456.0 28647.0 29709.0 28341.0 29232.0 31005.0 30015.0 28908.0 29385.0
  NEH     300 K=9     objs  : 6000.0 6096.0 6276.0 6036.0 6096.0 5826.0 6090.0 5844.0 6000.0 5976.0 5922.0 6160.0 5868.0 5985.0 5802.0 5960.0 6252.0 5904.0 5865.0 6054.0
  NEH     300 K=9     times : 0.9946 1.0127 0.9947 1.0143 1.0288 0.9661 0.9717 0.9565 0.9755 0.9805 0.9758 0.9728 0.9912 0.9714 0.9689 0.9887 0.9829 0.9679 0.9605 0.9631
  ACO     300 K=9     base  : 30042.0 29736.0 30753.0 30141.0 29655.0 28719.0 30942.0 29430.0 29403.0 29790.0 28728.0 30456.0 28647.0 29709.0 28341.0 29232.0 31005.0 30015.0 28908.0 29385.0
  ACO     300 K=9     objs  : 7443.0 8312.0 8739.0 8505.0 8096.0 8829.0 8190.0 9027.0 8343.0 8640.0 10026.0 7830.0 8721.0 8640.0 7992.0 8424.0 7399.0 7884.0 8478.0 8622.0
  ACO     300 K=9     times : 12.7945 13.0028 13.7168 13.2888 13.1148 12.2302 12.5945 12.6086 12.6760 12.5711 12.6387 12.4700 12.6271 12.6625 12.7088 12.5380 12.4973 12.8809 13.1870 12.7416
  GA      300 K=9     base  : 30042.0 29736.0 30753.0 30141.0 29655.0 28719.0 30942.0 29430.0 29403.0 29790.0 28728.0 30456.0 28647.0 29709.0 28341.0 29232.0 31005.0 30015.0 28908.0 29385.0
  GA      300 K=9     objs  : 6000.0 6090.0 6276.0 6036.0 6096.0 5826.0 6084.0 5844.0 5995.0 5976.0 5922.0 6160.0 5868.0 5964.0 5802.0 5955.0 6252.0 5904.0 5860.0 6054.0
  GA      300 K=9     times : 4.1070 3.9881 3.9563 3.9238 3.9281 3.9079 3.9458 4.0770 3.9472 4.1856 3.8547 4.1496 3.8516 4.0473 4.3390 4.3183 4.0568 4.0953 4.1457 4.2245
#
# summary, averaged over the configurations of the scale
# method   configurations    mean_gap  mean_time(s)
  NEH                   6     -78.195        0.6424
  ACO                   6     -73.289        9.9707
  GA                    6     -78.323        2.6550

# ====================================================================================
# scale large  --  configurations: n=500/K=3, n=500/K=9, n=600/K=3, n=600/K=9, n=700/K=3, n=700/K=9
# ====================================================================================
# per-configuration results
# algo      n weights    paired  unpaired   mean_gap    min_gap   max_gap   time(s)   best
  NEH     500 K=3            20         0    -77.340    -78.524   -75.218    4.6690     11
  ACO     500 K=3            20         0    -74.050    -76.092   -71.951   29.2954      0
  GA      500 K=3            20         0    -77.417    -78.524   -75.218   17.6354     20
  NEH     500 K=9            20         0    -79.931    -80.459   -79.421    4.0314     16
  ACO     500 K=9            20         0    -70.012    -73.240   -67.076   27.9967      0
  GA      500 K=9            20         0    -79.941    -80.459   -79.421   16.8297     20
  NEH     600 K=3            20         0    -77.592    -78.761   -76.491    7.1181      8
  ACO     600 K=3            20         0    -74.609    -75.919   -73.449   40.4134      0
  GA      600 K=3            20         0    -77.632    -78.766   -76.581   30.0618     20
  NEH     600 K=9            20         0    -79.927    -80.357   -79.618    6.8968     14
  ACO     600 K=9            20         0    -69.931    -72.248   -67.614   40.5770      0
  GA      600 K=9            20         0    -79.941    -80.374   -79.618   28.7362     20
  NEH     700 K=3            20         0    -77.217    -78.595   -75.910   11.1580     10
  ACO     700 K=3            20         0    -73.910    -75.823   -72.042   55.7332      0
  GA      700 K=3            20         0    -77.288    -78.595   -75.910   47.1290     20
  NEH     700 K=9            20         0    -79.952    -80.425   -79.614   10.8816     14
  ACO     700 K=9            20         0    -69.914    -72.129   -67.355   55.9081      0
  GA      700 K=9            20         0    -79.963    -80.425   -79.670   44.9640     20
#
# the column 'best' counts the instances on which the method attained the
# best value found on that instance by any method run there
#
# per-instance baseline, objective values and CPU times, in instance order
  -       500 K=3     best  : 3682.0 3710.0 3412.0 3592.0 3814.0 4060.0 3516.0 3742.0 3664.0 3922.0 3548.0 3662.0 3786.0 3548.0 3742.0 3604.0 3762.0 3868.0 3622.0 3882.0
  NEH     500 K=3     base  : 16590.0 16497.0 15642.0 16599.0 16608.0 16383.0 16053.0 16215.0 16806.0 16311.0 16521.0 16554.0 16236.0 16293.0 16290.0 16347.0 16620.0 16779.0 16059.0 16878.0
  NEH     500 K=3     objs  : 3682.0 3712.0 3448.0 3592.0 3814.0 4060.0 3516.0 3764.0 3664.0 3948.0 3548.0 3663.0 3854.0 3558.0 3742.0 3604.0 3820.0 3896.0 3622.0 3882.0
  NEH     500 K=3     times : 4.5680 4.6097 4.6092 4.6008 4.6807 4.6756 4.6879 4.6682 4.7175 4.7107 4.6661 4.7228 4.7468 4.6344 4.6588 4.7309 4.7164 4.6142 4.6528 4.7075
  ACO     500 K=3     base  : 16590.0 16497.0 15642.0 16599.0 16608.0 16383.0 16053.0 16215.0 16806.0 16311.0 16521.0 16554.0 16236.0 16293.0 16290.0 16347.0 16620.0 16779.0 16059.0 16878.0
  ACO     500 K=3     objs  : 4149.0 4266.0 4029.0 4028.0 4233.0 4575.0 4144.0 4494.0 4018.0 4316.0 4058.0 4116.0 4554.0 3998.0 4431.0 4128.0 4239.0 4581.0 4275.0 4539.0
  ACO     500 K=3     times : 34.3094 34.4061 34.8318 30.9582 27.8928 27.9200 27.8641 27.9434 27.9510 27.8468 27.8721 27.8859 27.8994 28.0075 27.9217 27.9106 27.9284 29.5373 29.3553 29.6659
  GA      500 K=3     base  : 16590.0 16497.0 15642.0 16599.0 16608.0 16383.0 16053.0 16215.0 16806.0 16311.0 16521.0 16554.0 16236.0 16293.0 16290.0 16347.0 16620.0 16779.0 16059.0 16878.0
  GA      500 K=3     objs  : 3682.0 3710.0 3412.0 3592.0 3814.0 4060.0 3516.0 3742.0 3664.0 3922.0 3548.0 3662.0 3786.0 3548.0 3742.0 3604.0 3762.0 3868.0 3622.0 3882.0
  GA      500 K=3     times : 18.5902 19.1241 17.2593 18.2847 17.3439 17.6537 17.8444 17.6455 17.1977 17.7511 17.7759 17.2660 17.4952 17.2461 17.5551 17.2539 16.8624 17.6285 17.5366 17.3946
  -       500 K=9     best  : 10026.0 9926.0 10146.0 9876.0 9948.0 9996.0 9729.0 10056.0 10068.0 9970.0 9815.0 10056.0 9912.0 10140.0 9990.0 9984.0 9858.0 9780.0 9788.0 10008.0
  NEH     500 K=9     base  : 50382.0 49689.0 49302.0 49086.0 50022.0 50319.0 48816.0 49635.0 49842.0 49644.0 50229.0 49149.0 49923.0 50616.0 50193.0 48951.0 49536.0 48834.0 49392.0 48924.0
  NEH     500 K=9     objs  : 10026.0 9926.0 10146.0 9876.0 9948.0 9996.0 9755.0 10120.0 10068.0 9975.0 9815.0 10056.0 9912.0 10140.0 9990.0 9984.0 9858.0 9780.0 9790.0 10008.0
  NEH     500 K=9     times : 4.0453 3.9978 4.0182 3.9945 4.0261 4.0462 4.0633 4.0614 4.0548 4.0136 3.9820 3.9885 4.0507 4.0033 4.0470 4.0723 4.0618 3.9924 4.0471 4.0619
  ACO     500 K=9     base  : 50382.0 49689.0 49302.0 49086.0 50022.0 50319.0 48816.0 49635.0 49842.0 49644.0 50229.0 49149.0 49923.0 50616.0 50193.0 48951.0 49536.0 48834.0 49392.0 48924.0
  ACO     500 K=9     objs  : 15120.0 15345.0 14940.0 14454.0 15489.0 14292.0 15282.0 15102.0 14850.0 14931.0 13464.0 16182.0 15075.0 13545.0 14625.0 15318.0 14409.0 14490.0 15408.0 15201.0
  ACO     500 K=9     times : 27.9822 27.9329 27.9787 27.9543 27.9753 27.9702 28.0284 27.9903 27.9944 27.9958 27.9709 27.9509 28.0188 28.0262 28.0032 28.0609 28.0581 27.9749 28.0319 28.0347
  GA      500 K=9     base  : 50382.0 49689.0 49302.0 49086.0 50022.0 50319.0 48816.0 49635.0 49842.0 49644.0 50229.0 49149.0 49923.0 50616.0 50193.0 48951.0 49536.0 48834.0 49392.0 48924.0
  GA      500 K=9     objs  : 10026.0 9926.0 10146.0 9876.0 9948.0 9996.0 9729.0 10056.0 10068.0 9970.0 9815.0 10056.0 9912.0 10140.0 9990.0 9984.0 9858.0 9780.0 9788.0 10008.0
  GA      500 K=9     times : 17.6672 16.2503 16.8247 16.6630 16.4560 17.3219 16.7956 15.9377 16.5979 16.9373 15.6374 17.4638 17.1154 17.2846 17.3222 16.9450 17.1471 16.5831 16.9180 16.7255
  -       600 K=3     best  : 4276.0 4608.0 4744.0 4494.0 4252.0 4372.0 4248.0 4620.0 4300.0 4448.0 4324.0 4530.0 4410.0 4404.0 4392.0 4588.0 4226.0 4658.0 4330.0 4494.0
  NEH     600 K=3     base  : 19830.0 19977.0 20352.0 20142.0 19632.0 19668.0 19317.0 20130.0 19842.0 20319.0 19794.0 19908.0 19344.0 19794.0 19446.0 19953.0 19902.0 19890.0 19725.0 19635.0
  NEH     600 K=3     objs  : 4288.0 4608.0 4744.0 4500.0 4252.0 4392.0 4248.0 4620.0 4302.0 4470.0 4338.0 4550.0 4410.0 4404.0 4392.0 4611.0 4227.0 4676.0 4338.0 4506.0
  NEH     600 K=3     times : 7.0508 7.1933 7.1284 7.2071 7.0412 7.1329 7.2210 7.0749 7.1306 7.1334 7.1051 7.0469 7.1019 7.1290 7.1787 7.1186 7.0584 7.0798 7.0970 7.1324
  ACO     600 K=3     base  : 19830.0 19977.0 20352.0 20142.0 19632.0 19668.0 19317.0 20130.0 19842.0 20319.0 19794.0 19908.0 19344.0 19794.0 19446.0 19953.0 19902.0 19890.0 19725.0 19635.0
  ACO     600 K=3     objs  : 5049.0 5176.0 5104.0 5073.0 4863.0 5139.0 4896.0 5106.0 4986.0 4893.0 4884.0 5124.0 5136.0 5012.0 5010.0 5184.0 4896.0 5100.0 4893.0 5163.0
  ACO     600 K=3     times : 40.3991 40.3497 40.7659 40.3934 40.3802 40.2464 40.3631 40.4351 40.5062 40.3719 40.4256 40.3945 40.4296 40.4165 40.4203 40.3633 40.4464 40.4317 40.4215 40.3069
  GA      600 K=3     base  : 19830.0 19977.0 20352.0 20142.0 19632.0 19668.0 19317.0 20130.0 19842.0 20319.0 19794.0 19908.0 19344.0 19794.0 19446.0 19953.0 19902.0 19890.0 19725.0 19635.0
  GA      600 K=3     objs  : 4276.0 4608.0 4744.0 4494.0 4252.0 4372.0 4248.0 4620.0 4300.0 4448.0 4324.0 4530.0 4410.0 4404.0 4392.0 4588.0 4226.0 4658.0 4330.0 4494.0
  GA      600 K=3     times : 29.5840 29.7503 30.0305 30.3582 30.3194 30.6837 29.9148 29.8869 31.0871 30.5013 29.3823 30.4993 29.8430 29.6325 30.7397 28.5241 30.2748 29.7875 28.8809 31.5549
  -       600 K=9     best  : 12042.0 12324.0 11922.0 12162.0 12200.0 11885.0 11784.0 11810.0 11575.0 11640.0 11928.0 12204.0 11718.0 11852.0 12024.0 11874.0 11980.0 12000.0 11502.0 11946.0
  NEH     600 K=9     base  : 59202.0 60867.0 60174.0 59994.0 60255.0 59256.0 57816.0 59085.0 58977.0 57969.0 60363.0 60579.0 58734.0 59130.0 59787.0 58581.0 60138.0 59256.0 58194.0 60030.0
  NEH     600 K=9     objs  : 12042.0 12325.0 11922.0 12225.0 12200.0 11885.0 11784.0 11810.0 11585.0 11640.0 11950.0 12204.0 11755.0 11885.0 12024.0 11874.0 11980.0 12000.0 11502.0 11946.0
  NEH     600 K=9     times : 6.9204 6.9427 6.8556 6.9096 6.8706 6.8926 6.8637 6.8431 6.8815 6.9641 6.9065 6.9065 6.8771 6.8693 6.8577 6.9722 6.9619 6.8780 6.8666 6.8966
  ACO     600 K=9     base  : 59202.0 60867.0 60174.0 59994.0 60255.0 59256.0 57816.0 59085.0 58977.0 57969.0 60363.0 60579.0 58734.0 59130.0 59787.0 58581.0 60138.0 59256.0 58194.0 60030.0
  ACO     600 K=9     objs  : 18666.0 17568.0 18675.0 18873.0 16722.0 17226.0 18459.0 17037.0 18027.0 18774.0 17775.0 17811.0 18351.0 18486.0 17514.0 17919.0 16749.0 17001.0 18540.0 17001.0
  ACO     600 K=9     times : 40.5285 40.4781 40.4966 40.5671 40.5546 40.5361 40.6569 40.6181 40.5866 40.5143 40.6836 40.4607 40.6520 40.6250 40.6410 40.7116 40.5860 40.4656 40.6442 40.5327
  GA      600 K=9     base  : 59202.0 60867.0 60174.0 59994.0 60255.0 59256.0 57816.0 59085.0 58977.0 57969.0 60363.0 60579.0 58734.0 59130.0 59787.0 58581.0 60138.0 59256.0 58194.0 60030.0
  GA      600 K=9     objs  : 12042.0 12324.0 11922.0 12162.0 12200.0 11885.0 11784.0 11810.0 11575.0 11640.0 11928.0 12204.0 11718.0 11852.0 12024.0 11874.0 11980.0 12000.0 11502.0 11946.0
  GA      600 K=9     times : 28.9686 28.5556 28.3952 29.5519 28.1743 28.0329 29.5137 30.0388 30.0914 28.3299 29.1888 28.3590 28.3417 29.6600 28.4773 28.9195 28.2723 28.6149 28.7464 26.4922
  -       700 K=3     best  : 5538.0 5428.0 5134.0 5544.0 5436.0 5288.0 5336.0 5228.0 5248.0 5228.0 4816.0 5292.0 5256.0 4996.0 5108.0 5340.0 5188.0 5092.0 5122.0 5278.0
  NEH     700 K=3     base  : 22989.0 23004.0 23169.0 23937.0 23157.0 23124.0 23178.0 23082.0 23073.0 23625.0 22305.0 23316.0 23097.0 23340.0 23205.0 22617.0 23040.0 22551.0 23070.0 22983.0
  NEH     700 K=3     objs  : 5538.0 5448.0 5154.0 5544.0 5448.0 5288.0 5336.0 5228.0 5264.0 5228.0 4816.0 5352.0 5266.0 4996.0 5108.0 5340.0 5276.0 5094.0 5162.0 5342.0
  NEH     700 K=3     times : 11.1405 11.1034 11.1775 11.1522 11.1122 11.1480 11.1125 11.2392 11.1674 11.1897 11.1234 11.0982 11.0905 11.1216 11.2003 11.2145 11.1787 11.3134 11.0813 11.1958
  ACO     700 K=3     base  : 22989.0 23004.0 23169.0 23937.0 23157.0 23124.0 23178.0 23082.0 23073.0 23625.0 22305.0 23316.0 23097.0 23340.0 23205.0 22617.0 23040.0 22551.0 23070.0 22983.0
  ACO     700 K=3     objs  : 6249.0 6303.0 5864.0 6300.0 6188.0 6156.0 6042.0 5866.0 5955.0 5800.0 5538.0 6072.0 6033.0 5643.0 6024.0 5930.0 6003.0 5714.0 6450.0 6366.0
  ACO     700 K=3     times : 55.6607 55.6097 55.6461 55.4413 55.5654 55.7953 56.0479 55.7314 55.5971 55.6657 55.6997 55.6301 55.6995 55.5468 55.8231 55.8299 55.8706 55.8351 56.0848 55.8837
  GA      700 K=3     base  : 22989.0 23004.0 23169.0 23937.0 23157.0 23124.0 23178.0 23082.0 23073.0 23625.0 22305.0 23316.0 23097.0 23340.0 23205.0 22617.0 23040.0 22551.0 23070.0 22983.0
  GA      700 K=3     objs  : 5538.0 5428.0 5134.0 5544.0 5436.0 5288.0 5336.0 5228.0 5248.0 5228.0 4816.0 5292.0 5256.0 4996.0 5108.0 5340.0 5188.0 5092.0 5122.0 5278.0
  GA      700 K=3     times : 49.3691 46.4894 49.9162 48.0829 46.6477 46.1513 46.3995 46.3903 46.0392 47.5109 47.2222 46.6471 47.2401 45.3632 47.1988 46.9098 47.1186 45.6264 47.9415 48.3156
  -       700 K=9     best  : 13842.0 14136.0 13794.0 13872.0 13440.0 14304.0 13740.0 14004.0 13626.0 13854.0 14076.0 14046.0 14106.0 13824.0 13794.0 13932.0 14010.0 14280.0 14052.0 13932.0
  NEH     700 K=9     base  : 68985.0 69912.0 68949.0 69093.0 67653.0 71730.0 67986.0 71208.0 68265.0 69750.0 69237.0 70137.0 69516.0 68400.0 68832.0 70560.0 69183.0 70398.0 71784.0 69300.0
  NEH     700 K=9     objs  : 13842.0 14136.0 13800.0 13890.0 13440.0 14304.0 13780.0 14004.0 13650.0 13854.0 14115.0 14046.0 14106.0 13824.0 13794.0 13965.0 14010.0 14280.0 14052.0 13932.0
  NEH     700 K=9     times : 10.9440 10.7953 10.8523 10.9311 10.8485 10.9123 10.9573 10.8379 10.8841 10.8184 10.9827 10.8834 10.9448 10.8365 10.8831 10.8641 10.8958 10.7815 10.8811 10.8974
  ACO     700 K=9     base  : 68985.0 69912.0 68949.0 69093.0 67653.0 71730.0 67986.0 71208.0 68265.0 69750.0 69237.0 70137.0 69516.0 68400.0 68832.0 70560.0 69183.0 70398.0 71784.0 69300.0
  ACO     700 K=9     objs  : 22257.0 21465.0 21294.0 21204.0 21375.0 20412.0 21663.0 20268.0 20826.0 20898.0 21474.0 19728.0 21429.0 22329.0 20250.0 19818.0 20961.0 20124.0 20007.0 20412.0
  ACO     700 K=9     times : 55.8554 55.6490 55.6122 55.7858 55.7731 55.8612 55.7471 55.9004 55.8971 55.8995 56.1134 55.8842 55.8999 56.0126 56.0286 55.9348 56.1704 56.0908 56.0904 55.9566
  GA      700 K=9     base  : 68985.0 69912.0 68949.0 69093.0 67653.0 71730.0 67986.0 71208.0 68265.0 69750.0 69237.0 70137.0 69516.0 68400.0 68832.0 70560.0 69183.0 70398.0 71784.0 69300.0
  GA      700 K=9     objs  : 13842.0 14136.0 13794.0 13872.0 13440.0 14304.0 13740.0 14004.0 13626.0 13854.0 14076.0 14046.0 14106.0 13824.0 13794.0 13932.0 14010.0 14280.0 14052.0 13932.0
  GA      700 K=9     times : 46.1394 45.1587 45.3862 44.6167 45.3915 43.7003 43.7234 43.9353 46.7573 47.8953 45.3316 44.3361 45.7955 44.6593 43.7364 43.9257 46.6359 45.8198 43.1178 43.2171
#
# summary, averaged over the configurations of the scale
# method   configurations    mean_gap  mean_time(s)
  NEH                   6     -78.660        7.4591
  ACO                   6     -72.071       41.6540
  GA                    6     -78.697       30.8927
