# F2 || WCmax -- computational study (paper Section 6)
# scale         : medium
# generated     : 2026-10-03 17:28:04
# methods       : NEH, ACO, GA
# instances/cfg : 20
# metaheuristics: ACO m=10, max_iter=100; GA G=10, N_factor=1
# gap against   : the baseline of each configuration, which on this scale is the reference value of the block structure, LB = w_n*min_i(sum_{k<=i}A_k + sum_{k>i}B_k)
# seed          : 42 (+1000*n, + 100*weight setting, + range)
# records       : D:\code\WorkSpace\Literature\论文\F2\代码\记录\实例记录_medium_2026-10-03_15-32-15.txt

# ====================================================================================
# scale medium  --  configurations: n=200/K=3/[1,10], n=200/K=9/[1,10], n=200/K=12/[1,10], n=350/K=3/[1,10], n=350/K=9/[1,10], n=350/K=12/[1,10], n=500/K=3/[1,10], n=500/K=9/[1,10], n=500/K=12/[1,10]
# ====================================================================================
# per-configuration results
# algo      n weights range      paired  unpaired   mean_gap    min_gap   max_gap   time(s)   best
  NEH     200 K=3     [1,10]         20         0     42.560     25.546    68.928    0.5286      3
  ACO     200 K=3     [1,10]         20         0     56.377     35.423    97.695    5.2724      0
  GA      200 K=3     [1,10]         20         0     40.988     23.837    67.552    2.0518     20
  NEH     200 K=9     [1,10]         20         0    111.070     12.771   239.394    0.5108      1
  ACO     200 K=9     [1,10]         20         0    290.769    252.919   329.178    5.2982      0
  GA      200 K=9     [1,10]         20         0    191.156     63.717   227.677    2.0114     20
  NEH     200 K=12    [1,10]         20         0    151.395     10.687   345.817    0.5100      1
  ACO     200 K=12    [1,10]         20         0    402.841    334.502   472.320    5.3754      0
  GA      200 K=12    [1,10]         20         0    272.902     10.687   328.850    2.1129     20
  NEH     350 K=3     [1,10]         20         0     38.054     29.087    52.634    2.8383      7
  ACO     350 K=3     [1,10]         20         0     55.862     40.552    70.357   15.8158      0
  GA      350 K=3     [1,10]         20         0     37.256     27.979    52.634   11.3822     20
  NEH     350 K=9     [1,10]         20         0     97.920     10.734   227.015    2.8576      1
  ACO     350 K=9     [1,10]         20         0    292.828    241.675   334.699   15.8452      0
  GA      350 K=9     [1,10]         20         0    199.311    171.552   239.276   11.3144     20
  NEH     350 K=12    [1,10]         20         0    103.895      8.192   298.280    2.8707      0
  ACO     350 K=12    [1,10]         20         0    397.171    352.920   437.712   15.8757      0
  GA      350 K=12    [1,10]         20         0    273.092    236.403   314.187   10.9724     20
  NEH     500 K=3     [1,10]         20         0     38.334     28.229    51.118    8.0838      9
  ACO     500 K=3     [1,10]         20         0     57.359     41.945    81.954   31.8928      0
  GA      500 K=3     [1,10]         20         0     37.871     27.286    51.118   32.9614     20
  NEH     500 K=9     [1,10]         20         0    108.258     38.656   245.044    8.2553      2
  ACO     500 K=9     [1,10]         20         0    285.678    247.133   365.365   32.2349      0
  GA      500 K=9     [1,10]         20         0    169.215     43.871   237.734   32.8414     20
  NEH     500 K=12    [1,10]         20         0    115.022     19.603   326.575    8.2010      2
  ACO     500 K=12    [1,10]         20         0    412.794    375.739   480.412   33.0763      0
  GA      500 K=12    [1,10]         20         0    264.276     23.988   314.013   32.9087     20
#
# the column 'best' counts the instances on which the method attained the
# best value found on that instance by any method run there
#
# per-instance baseline, objective values and CPU times, in instance order
  -       200 K=3     [1,10]  best  : 1552.0 1554.0 1562.0 1564.0 1468.0 1596.0 1706.0 1704.0 1378.0 1634.0 1482.0 1508.0 1442.0 1358.0 1304.0 1448.0 1580.0 1490.0 1428.0 1448.0
  NEH     200 K=3     [1,10]  base  : 1058.0 1099.0 1055.0 1110.0 1037.0 1141.0 1041.0 1017.0 1066.0 1121.0 1113.0 1127.0 1065.0 1048.0 1053.0 1129.0 1023.0 1097.0 1037.0 1014.0
  NEH     200 K=3     [1,10]  objs  : 1554.0 1558.0 1576.0 1590.0 1510.0 1602.0 1720.0 1718.0 1390.0 1634.0 1524.0 1508.0 1466.0 1406.0 1322.0 1464.0 1580.0 1518.0 1452.0 1450.0
  NEH     200 K=3     [1,10]  times : 0.5743 0.5970 0.5823 0.5195 0.5040 0.5130 0.5270 0.5159 0.5284 0.5299 0.5240 0.5501 0.5170 0.5126 0.5076 0.5161 0.5129 0.5079 0.5228 0.5085
  ACO     200 K=3     [1,10]  base  : 1058.0 1099.0 1055.0 1110.0 1037.0 1141.0 1041.0 1017.0 1066.0 1121.0 1113.0 1127.0 1065.0 1048.0 1053.0 1129.0 1023.0 1097.0 1037.0 1014.0
  ACO     200 K=3     [1,10]  objs  : 1688.0 1666.0 1722.0 1746.0 1623.0 1686.0 2058.0 1968.0 1550.0 1754.0 1620.0 1636.0 1590.0 1442.0 1426.0 1602.0 1816.0 1638.0 1616.0 1632.0
  ACO     200 K=3     [1,10]  times : 5.2291 5.1985 5.2403 5.2157 5.2812 5.2674 5.2753 5.2655 5.2815 5.2438 5.3104 5.2604 5.2732 5.2421 5.2687 5.4322 5.3155 5.2904 5.2766 5.2798
  GA      200 K=3     [1,10]  base  : 1058.0 1099.0 1055.0 1110.0 1037.0 1141.0 1041.0 1017.0 1066.0 1121.0 1113.0 1127.0 1065.0 1048.0 1053.0 1129.0 1023.0 1097.0 1037.0 1014.0
  GA      200 K=3     [1,10]  objs  : 1552.0 1554.0 1562.0 1564.0 1468.0 1596.0 1706.0 1704.0 1378.0 1634.0 1482.0 1508.0 1442.0 1358.0 1304.0 1448.0 1580.0 1490.0 1428.0 1448.0
  GA      200 K=3     [1,10]  times : 2.0578 1.9650 2.1072 2.0681 2.0492 2.1790 2.0063 2.1362 2.0783 2.0784 2.1189 2.0304 2.0763 1.8808 1.8765 2.0869 2.0911 2.0923 2.0896 1.9675
  -       200 K=9     [1,10]  best  : 3195.0 3330.0 3435.0 3050.0 2840.0 2964.0 3244.0 3100.0 3475.0 3108.0 3415.0 3438.0 3340.0 2800.0 3170.0 2875.0 2885.0 2934.0 2904.0 3140.0
  NEH     200 K=9     [1,10]  base  : 1972.0 2034.0 2200.0 2152.0 996.0 2110.0 990.0 2136.0 3234.0 1962.0 1065.0 3177.0 3174.0 2054.0 2192.0 1079.0 1045.0 1042.0 1049.0 1073.0
  NEH     200 K=9     [1,10]  objs  : 3414.0 3330.0 3498.0 3157.0 3100.0 3171.0 3360.0 3508.0 3647.0 3230.0 3515.0 3744.0 3596.0 3060.0 3345.0 3048.0 2925.0 3140.0 3156.0 3315.0
  NEH     200 K=9     [1,10]  times : 0.5038 0.5344 0.5045 0.5093 0.5046 0.5089 0.5084 0.5151 0.5051 0.5142 0.5170 0.5071 0.5313 0.5095 0.5086 0.5084 0.5027 0.5084 0.5128 0.5018
  ACO     200 K=9     [1,10]  base  : 986.0 1017.0 1100.0 1076.0 996.0 1055.0 990.0 1068.0 1078.0 981.0 1065.0 1059.0 1058.0 1027.0 1096.0 1079.0 1045.0 1042.0 1049.0 1073.0
  ACO     200 K=9     [1,10]  objs  : 3924.0 4200.0 4585.0 4440.0 3794.0 4008.0 3948.0 4314.0 4194.0 3997.0 4375.0 4545.0 4242.0 3695.0 4046.0 3808.0 3780.0 3804.0 4032.0 4088.0
  ACO     200 K=9     [1,10]  times : 5.2950 5.3170 5.5163 5.4287 5.3521 5.2909 5.2686 5.2416 5.2920 5.2434 5.3038 5.2660 5.2713 5.2496 5.2500 5.2460 5.2685 5.2561 5.2924 5.3145
  GA      200 K=9     [1,10]  base  : 986.0 2034.0 1100.0 1076.0 996.0 1055.0 990.0 1068.0 1078.0 981.0 1065.0 1059.0 1058.0 1027.0 1096.0 1079.0 1045.0 1042.0 1049.0 1073.0
  GA      200 K=9     [1,10]  objs  : 3195.0 3330.0 3435.0 3050.0 2840.0 2964.0 3244.0 3100.0 3475.0 3108.0 3415.0 3438.0 3340.0 2800.0 3170.0 2875.0 2885.0 2934.0 2904.0 3140.0
  GA      200 K=9     [1,10]  times : 2.0697 1.8917 2.0769 1.9774 1.9829 2.0883 1.9169 1.9510 2.1418 1.9933 1.9983 1.9638 2.0317 2.0330 1.8310 2.1541 1.9281 2.1733 1.9743 2.0515
  -       200 K=12    [1,10]  best  : 4039.0 4151.0 4800.0 3546.0 4284.0 3654.0 3775.0 4248.0 4018.0 3852.0 4030.0 4400.0 4487.0 4137.0 4640.0 3724.0 4024.0 4184.0 4350.0 4110.0
  NEH     200 K=12    [1,10]  base  : 1976.0 1054.0 3465.0 2168.0 1036.0 2092.0 2152.0 2080.0 3225.0 2130.0 1057.0 1026.0 2186.0 3228.0 4192.0 3069.0 1083.0 3240.0 1069.0 1004.0
  NEH     200 K=12    [1,10]  objs  : 4370.0 4214.0 4977.0 3650.0 4333.0 3906.0 3904.0 4438.0 4235.0 3983.0 4032.0 4515.0 4676.0 4205.0 4640.0 3872.0 4212.0 4293.0 4352.0 4476.0
  NEH     200 K=12    [1,10]  times : 0.5159 0.5111 0.5204 0.5149 0.5075 0.5030 0.5086 0.5130 0.5121 0.5112 0.5226 0.4998 0.4987 0.5142 0.5048 0.5035 0.5103 0.5161 0.5049 0.5067
  ACO     200 K=12    [1,10]  base  : 988.0 1054.0 1155.0 1084.0 1036.0 1046.0 1076.0 1040.0 1075.0 1065.0 1057.0 1026.0 1093.0 1076.0 1048.0 1023.0 1083.0 1080.0 1069.0 1004.0
  ACO     200 K=12    [1,10]  objs  : 5562.0 5362.0 5960.0 4710.0 5517.0 4890.0 4860.0 5895.0 4950.0 4896.0 4961.0 5872.0 5677.0 5168.0 5776.0 4522.0 5346.0 5661.0 5500.0 5312.0
  ACO     200 K=12    [1,10]  times : 5.2834 5.3630 5.4552 5.5729 5.4009 5.4658 5.4004 5.4000 5.3458 5.4439 5.2696 5.2805 5.3601 5.2877 5.3431 5.3155 5.3248 5.4821 5.3377 5.3747
  GA      200 K=12    [1,10]  base  : 988.0 1054.0 1155.0 1084.0 1036.0 1046.0 1076.0 1040.0 1075.0 1065.0 1057.0 1026.0 1093.0 1076.0 4192.0 1023.0 1083.0 1080.0 1069.0 1004.0
  GA      200 K=12    [1,10]  objs  : 4039.0 4151.0 4800.0 3546.0 4284.0 3654.0 3775.0 4248.0 4018.0 3852.0 4030.0 4400.0 4487.0 4137.0 4640.0 3724.0 4024.0 4184.0 4350.0 4110.0
  GA      200 K=12    [1,10]  times : 2.1796 2.0612 2.1597 2.1430 2.0565 2.0620 2.1627 2.2253 2.3843 2.0419 1.9044 2.2036 2.2367 2.0192 2.0677 2.0796 2.0819 2.1634 1.9675 2.0578
  -       350 K=3     [1,10]  best  : 2406.0 2690.0 2544.0 2432.0 2524.0 2672.0 2548.0 2650.0 2868.0 2640.0 2758.0 2496.0 2370.0 2568.0 2572.0 2602.0 2558.0 2552.0 2598.0 2700.0
  NEH     350 K=3     [1,10]  base  : 1880.0 1886.0 1896.0 1884.0 1858.0 1919.0 1970.0 1887.0 1879.0 1941.0 1912.0 1826.0 1801.0 1836.0 1866.0 1868.0 1902.0 1973.0 1857.0 1869.0
  NEH     350 K=3     [1,10]  objs  : 2448.0 2722.0 2550.0 2432.0 2542.0 2686.0 2548.0 2654.0 2868.0 2649.0 2758.0 2580.0 2378.0 2580.0 2592.0 2602.0 2562.0 2552.0 2642.0 2700.0
  NEH     350 K=3     [1,10]  times : 2.8378 2.8511 2.8054 2.8358 2.8148 2.8074 2.8242 2.8363 2.8112 2.8204 2.8559 2.8446 2.8651 2.8192 2.8148 2.9197 2.8534 2.8259 2.8814 2.8415
  ACO     350 K=3     [1,10]  base  : 1880.0 1886.0 1896.0 1884.0 1858.0 1919.0 1970.0 1887.0 1879.0 1941.0 1912.0 1826.0 1801.0 1836.0 1866.0 1868.0 1902.0 1973.0 1857.0 1869.0
  ACO     350 K=3     [1,10]  objs  : 2688.0 3036.0 2835.0 2648.0 2682.0 3135.0 2828.0 2946.0 3201.0 3222.0 3126.0 3093.0 2787.0 2898.0 2985.0 3168.0 2804.0 2865.0 2854.0 2955.0
  ACO     350 K=3     [1,10]  times : 15.6418 15.7958 15.7266 15.8058 15.7611 15.8197 15.8188 15.8834 15.8221 15.8060 15.9780 15.8790 16.2022 15.7183 15.6614 15.7394 15.7252 15.8129 15.8644 15.8539
  GA      350 K=3     [1,10]  base  : 1880.0 1886.0 1896.0 1884.0 1858.0 1919.0 1970.0 1887.0 1879.0 1941.0 1912.0 1826.0 1801.0 1836.0 1866.0 1868.0 1902.0 1973.0 1857.0 1869.0
  GA      350 K=3     [1,10]  objs  : 2406.0 2690.0 2544.0 2432.0 2524.0 2672.0 2548.0 2650.0 2868.0 2640.0 2758.0 2496.0 2370.0 2568.0 2572.0 2602.0 2558.0 2552.0 2598.0 2700.0
  GA      350 K=3     [1,10]  times : 11.9796 12.2866 11.5284 11.8091 11.5201 11.4588 10.7008 11.5597 12.0321 11.2842 11.3626 10.3944 10.8924 10.6793 10.8524 10.6032 11.9702 12.4544 11.5083 10.7678
  -       350 K=9     [1,10]  best  : 5346.0 5595.0 6375.0 5040.0 5625.0 5652.0 5845.0 5680.0 5940.0 5265.0 6066.0 5364.0 5470.0 5718.0 5275.0 5320.0 5520.0 5300.0 5805.0 6025.0
  NEH     350 K=9     [1,10]  base  : 3768.0 3954.0 3758.0 1856.0 3654.0 3778.0 1873.0 1848.0 3742.0 3704.0 5748.0 3788.0 1883.0 3744.0 3742.0 3622.0 3796.0 3724.0 1859.0 1876.0
  NEH     350 K=9     [1,10]  objs  : 5600.0 5740.0 6452.0 5274.0 5725.0 5956.0 6125.0 5726.0 6340.0 5360.0 6365.0 5608.0 5472.0 5940.0 5328.0 5700.0 5520.0 5395.0 5992.0 6060.0
  NEH     350 K=9     [1,10]  times : 2.8914 2.8673 2.8659 2.8649 2.8960 2.8257 2.8750 2.8335 2.8542 2.8387 2.8588 2.8381 2.8428 2.8377 2.8248 2.8557 2.8273 2.9418 2.8657 2.8462
  ACO     350 K=9     [1,10]  base  : 1884.0 1977.0 1879.0 1856.0 1827.0 1889.0 1873.0 1848.0 1871.0 1852.0 1916.0 1894.0 1883.0 1872.0 1871.0 1811.0 1898.0 1862.0 1859.0 1876.0
  ACO     350 K=9     [1,10]  objs  : 7714.0 7158.0 8168.0 6660.0 7416.0 7344.0 7434.0 7338.0 7973.0 7126.0 8036.0 7336.0 7110.0 7590.0 6699.0 7343.0 6485.0 6924.0 7785.0 7623.0
  ACO     350 K=9     [1,10]  times : 15.8496 15.7536 15.7293 15.7331 15.7432 16.1176 15.6658 15.8682 15.7676 15.8113 15.7681 15.7760 16.0491 15.9450 15.8583 15.9364 15.8552 15.8133 15.8072 16.0557
  GA      350 K=9     [1,10]  base  : 1884.0 1977.0 1879.0 1856.0 1827.0 1889.0 1873.0 1848.0 1871.0 1852.0 1916.0 1894.0 1883.0 1872.0 1871.0 1811.0 1898.0 1862.0 1859.0 1876.0
  GA      350 K=9     [1,10]  objs  : 5346.0 5595.0 6375.0 5040.0 5625.0 5652.0 5845.0 5680.0 5940.0 5265.0 6066.0 5364.0 5470.0 5718.0 5275.0 5320.0 5520.0 5300.0 5805.0 6025.0
  GA      350 K=9     [1,10]  times : 11.7526 11.4718 11.5036 11.8075 11.5675 11.7626 11.6422 10.5352 11.3816 11.3259 11.7924 11.0697 11.3574 10.7445 11.2919 10.5334 11.4167 10.8592 10.9051 11.5683
  -       350 K=12    [1,10]  best  : 6564.0 7374.0 6732.0 6912.0 7164.0 6930.0 6881.0 6944.0 7182.0 7168.0 6210.0 6510.0 7231.0 6671.0 7824.0 6979.0 7182.0 6624.0 6342.0 7364.0
  NEH     350 K=12    [1,10]  base  : 1866.0 3916.0 3628.0 3702.0 5613.0 5502.0 1848.0 5481.0 1860.0 3746.0 5538.0 3672.0 5592.0 3730.0 7556.0 5370.0 3726.0 3870.0 1854.0 5574.0
  NEH     350 K=12    [1,10]  objs  : 6835.0 7868.0 7014.0 7040.0 7645.0 7040.0 7200.0 7357.0 7408.0 7497.0 6543.0 6624.0 7609.0 6720.0 8175.0 7224.0 7495.0 6930.0 6824.0 7525.0
  NEH     350 K=12    [1,10]  times : 2.9287 3.0011 2.8339 2.8967 2.8364 2.8863 2.8213 2.8319 2.8487 2.8906 2.8217 2.8496 2.8817 2.8734 2.8111 2.9719 2.8628 2.8700 2.8453 2.8518
  ACO     350 K=12    [1,10]  base  : 1866.0 1958.0 1814.0 1851.0 1871.0 1834.0 1848.0 1827.0 1860.0 1873.0 1846.0 1836.0 1864.0 1865.0 1889.0 1790.0 1863.0 1935.0 1854.0 1858.0
  ACO     350 K=12    [1,10]  objs  : 8916.0 9567.0 9040.0 8919.0 9792.0 9477.0 9378.0 9824.0 9999.0 9548.0 8397.0 8351.0 9368.0 8896.0 10104.0 9000.0 9270.0 8764.0 8792.0 9522.0
  ACO     350 K=12    [1,10]  times : 16.0251 15.9462 16.1098 15.9122 15.9159 15.8419 15.8268 16.3031 15.7732 15.7318 15.7954 15.7986 15.7919 15.7928 15.9257 15.7432 15.9521 15.7108 15.8757 15.7422
  GA      350 K=12    [1,10]  base  : 1866.0 1958.0 1814.0 1851.0 1871.0 1834.0 1848.0 1827.0 1860.0 1873.0 1846.0 1836.0 1864.0 1865.0 1889.0 1790.0 1863.0 1935.0 1854.0 1858.0
  GA      350 K=12    [1,10]  objs  : 6564.0 7374.0 6732.0 6912.0 7164.0 6930.0 6881.0 6944.0 7182.0 7168.0 6210.0 6510.0 7231.0 6671.0 7824.0 6979.0 7182.0 6624.0 6342.0 7364.0
  GA      350 K=12    [1,10]  times : 10.2848 10.8396 10.5535 10.6489 11.7053 11.7865 11.1707 11.1477 10.7709 11.7296 10.4637 11.0087 11.5091 10.0960 10.9644 10.2631 11.2677 11.3979 10.4392 11.4013
  -       500 K=3     [1,10]  best  : 3768.0 3682.0 3690.0 3716.0 3864.0 3688.0 3508.0 3776.0 3834.0 3822.0 3754.0 3592.0 3806.0 3852.0 3678.0 3646.0 3650.0 3518.0 3550.0 3626.0
  NEH     500 K=3     [1,10]  base  : 2680.0 2671.0 2707.0 2712.0 2701.0 2611.0 2756.0 2753.0 2651.0 2643.0 2720.0 2686.0 2785.0 2549.0 2685.0 2627.0 2683.0 2707.0 2687.0 2701.0
  NEH     500 K=3     [1,10]  objs  : 3768.0 3687.0 3690.0 3729.0 3864.0 3746.0 3534.0 3795.0 3918.0 3822.0 3754.0 3612.0 3807.0 3852.0 3678.0 3646.0 3651.0 3524.0 3550.0 3640.0
  NEH     500 K=3     [1,10]  times : 8.0759 8.0097 8.0363 8.0052 8.0051 8.1014 8.0315 8.0754 8.0713 8.2404 8.0936 8.0333 8.0682 8.1806 8.0954 8.1365 8.0388 8.1503 8.1471 8.0801
  ACO     500 K=3     [1,10]  base  : 2680.0 2671.0 2707.0 2712.0 2701.0 2611.0 2756.0 2753.0 2651.0 2643.0 2720.0 2686.0 2785.0 2549.0 2685.0 2627.0 2683.0 2707.0 2687.0 2701.0
  ACO     500 K=3     [1,10]  objs  : 4258.0 4071.0 4122.0 4212.0 4356.0 4104.0 3912.0 4248.0 4617.0 4262.0 4184.0 4239.0 4222.0 4638.0 4228.0 4202.0 4038.0 4083.0 4158.0 4308.0
  ACO     500 K=3     [1,10]  times : 31.5754 31.6784 31.6673 31.7714 31.8851 31.7385 31.9650 31.8321 31.8977 31.9614 31.8748 31.9920 31.9607 32.1549 31.9601 31.9194 31.8444 32.1337 31.9408 32.1025
  GA      500 K=3     [1,10]  base  : 2680.0 2671.0 2707.0 2712.0 2701.0 2611.0 2756.0 2753.0 2651.0 2643.0 2720.0 2686.0 2785.0 2549.0 2685.0 2627.0 2683.0 2707.0 2687.0 2701.0
  GA      500 K=3     [1,10]  objs  : 3768.0 3682.0 3690.0 3716.0 3864.0 3688.0 3508.0 3776.0 3834.0 3822.0 3754.0 3592.0 3806.0 3852.0 3678.0 3646.0 3650.0 3518.0 3550.0 3626.0
  GA      500 K=3     [1,10]  times : 32.7696 34.4343 31.8793 34.0281 32.4038 33.2425 32.3847 33.0352 33.5521 32.8941 31.3224 32.6504 33.7266 33.4462 32.7816 31.5637 35.2665 33.3429 33.6049 30.8982
  -       500 K=9     [1,10]  best  : 7240.0 8825.0 7746.0 7310.0 7820.0 7690.0 7805.0 7925.0 7795.0 8070.0 7580.0 7335.0 8124.0 7485.0 7655.0 7596.0 7840.0 8230.0 8215.0 7920.0
  NEH     500 K=9     [1,10]  base  : 5296.0 2613.0 5384.0 5448.0 2748.0 2708.0 5264.0 5396.0 2724.0 2646.0 2699.0 2686.0 5452.0 5126.0 2748.0 5344.0 5316.0 5462.0 5392.0 5298.0
  NEH     500 K=9     [1,10]  objs  : 7700.0 9016.0 7749.0 7554.0 8040.0 7842.0 7875.0 7925.0 7845.0 8310.0 7640.0 7375.0 8124.0 7735.0 7875.0 8184.0 7915.0 8415.0 8410.0 8226.0
  NEH     500 K=9     [1,10]  times : 8.2620 8.2570 8.2641 8.2566 8.1814 8.2493 8.2441 8.4434 8.1774 8.2706 8.2343 8.3034 8.2878 8.2350 8.2475 8.2131 8.3421 8.2155 8.2115 8.2097
  ACO     500 K=9     [1,10]  base  : 2648.0 2613.0 2692.0 2724.0 2748.0 2708.0 2632.0 2698.0 2724.0 2646.0 2699.0 2686.0 2726.0 2563.0 2748.0 2672.0 2658.0 2731.0 2696.0 2649.0
  ACO     500 K=9     [1,10]  objs  : 9653.0 12160.0 10422.0 9464.0 10269.0 10530.0 9730.0 10068.0 10381.0 11263.0 10185.0 9324.0 10773.0 10146.0 10332.0 10136.0 10218.0 10850.0 10773.0 10192.0
  ACO     500 K=9     [1,10]  times : 31.9642 32.1388 32.1504 32.0436 32.0105 32.5356 32.3693 32.1660 32.2390 32.1778 32.2327 32.4348 32.5381 32.2144 32.1751 32.1190 32.2735 32.2406 32.4382 32.2354
  GA      500 K=9     [1,10]  base  : 2648.0 2613.0 5384.0 2724.0 2748.0 2708.0 2632.0 5396.0 2724.0 2646.0 2699.0 2686.0 5452.0 2563.0 2748.0 2672.0 2658.0 2731.0 2696.0 2649.0
  GA      500 K=9     [1,10]  objs  : 7240.0 8825.0 7746.0 7310.0 7820.0 7690.0 7805.0 7925.0 7795.0 8070.0 7580.0 7335.0 8124.0 7485.0 7655.0 7596.0 7840.0 8230.0 8215.0 7920.0
  GA      500 K=9     [1,10]  times : 34.4554 33.6110 33.3487 33.2909 33.7300 32.7422 32.1077 32.3558 31.8489 32.8936 30.1229 34.1780 33.2361 32.9591 32.1196 32.1343 32.9950 31.8376 32.7564 34.1051
  -       500 K=12    [1,10]  best  : 10332.0 9450.0 10158.0 10662.0 9408.0 10843.0 9751.0 9618.0 9191.0 10556.0 10353.0 9318.0 10304.0 9918.0 10136.0 10381.0 10745.0 10386.0 10812.0 11046.0
  NEH     500 K=12    [1,10]  base  : 2735.0 7956.0 5538.0 5384.0 7866.0 2619.0 5452.0 5160.0 5276.0 2762.0 5354.0 5330.0 2722.0 5402.0 8175.0 5504.0 5408.0 8076.0 8259.0 8382.0
  NEH     500 K=12    [1,10]  objs  : 11364.0 9856.0 10388.0 10899.0 9408.0 11172.0 10297.0 10008.0 9512.0 10710.0 10560.0 9565.0 10338.0 10557.0 10136.0 10600.0 11064.0 10536.0 11270.0 11232.0
  NEH     500 K=12    [1,10]  times : 8.1378 8.3176 8.2554 8.2326 8.1171 8.3675 8.1332 8.3079 8.1366 8.1631 8.1052 8.1513 8.2209 8.1546 8.1391 8.1928 8.1515 8.2336 8.2174 8.2841
  ACO     500 K=12    [1,10]  base  : 2735.0 2652.0 2769.0 2692.0 2622.0 2619.0 2726.0 2580.0 2638.0 2762.0 2677.0 2665.0 2722.0 2701.0 2725.0 2752.0 2704.0 2692.0 2753.0 2794.0
  ACO     500 K=12    [1,10]  objs  : 14526.0 12968.0 13576.0 14031.0 12512.0 15201.0 13080.0 13005.0 12550.0 14370.0 14445.0 12950.0 14333.0 13460.0 13400.0 13937.0 14390.0 13848.0 15100.0 15174.0
  ACO     500 K=12    [1,10]  times : 32.1310 32.3192 32.1873 32.1290 32.1271 32.1734 32.0648 46.7948 32.5274 32.3733 32.3561 32.6861 32.3237 32.5675 32.5071 32.6102 32.4395 32.3130 32.3603 32.5350
  GA      500 K=12    [1,10]  base  : 2735.0 2652.0 2769.0 2692.0 2622.0 2619.0 2726.0 2580.0 2638.0 2762.0 2677.0 2665.0 2722.0 2701.0 8175.0 2752.0 2704.0 2692.0 2753.0 2794.0
  GA      500 K=12    [1,10]  objs  : 10332.0 9450.0 10158.0 10662.0 9408.0 10843.0 9751.0 9618.0 9191.0 10556.0 10353.0 9318.0 10304.0 9918.0 10136.0 10381.0 10745.0 10386.0 10812.0 11046.0
  GA      500 K=12    [1,10]  times : 30.3462 33.4816 34.3879 33.5440 32.3474 34.2330 33.7637 32.5344 32.0766 33.9431 32.2388 33.5368 33.1047 30.9891 33.4881 32.3952 33.8177 33.2081 31.8565 32.8818
#
# summary, averaged over the configurations of the scale
# method   configurations    mean_gap  mean_time(s)
  NEH                   9      89.612        3.8507
  ACO                   9     250.187       17.8541
  GA                    9     165.119       15.3952
